parameters:
  dim: 4
  range_lo: -2.048
  range_hi: 2.048
  swarm_size: 14
  k_size: 28
  opt_goal: 1e-07
  num_trial: 10
  side_len: 0.005
step1to4: 111552
step5_time: [107938,208502,671970,1050276,1879172,2388804,3847366,5109876,6773580,9815730,12879076,23521018,19858326,27371052,34095774,40824440,51761060,61683078,75846564,85894632,138126382,115373824,124203778,144570688,153786122,171705150,189616796,210503600,232330010,287756742,279175884,294772012,323199698,347784052,378855748,406727842,435604206,464428520,500021272,537699534,674713512,637035192,774856580,1218236462,769767572,771446144,833156776,901666260,962248192,990109482,1063562866,1203114536,1395098984,2086973278,1458489274,1424565254,1524796572,2360076266,2605724196,1971465240,2408790438,2029950156,2160803190,2842688954,2623454892,2574754332,2691465304,4610923202,4210847916,3913063318,3358095064,3444400268,3727837406,3781349682,5048186196,4189650874,5608513842,5553859844,7257149690,6985129220,11051906290,6591165828,6190587050,6758686160,7584784760,10569218362,7390021450,9900098404,8087098340,8393435310,8989474930,8940982144,9286807260,11148757524,11182929972,10496075716,12417560712,11584267002,12615234922,12411293598,14538451390,13031237144,15142505006,14351342084,19538469282,22760223904,20668234472,19621671286,18196361054,20814588680,21364651440,25104299104,23098591350,23028860996,22396652494,37482017636,29637129030,25210963952,26447260610,30609552724,26801418378,29063991980,30486009682,32452035788,29482716294,29880602558]
step5_x_history_size: [14,28,42,56,70,84,98,112,126,140,154,168,182,196,210,224,238,252,266,280,294,308,322,336,350,364,378,392,406,420,434,448,462,476,490,504,518,532,546,560,574,588,602,616,630,644,658,672,686,700,714,728,742,756,770,784,798,812,826,840,854,868,882,896,910,924,938,952,966,980,994,1008,1022,1036,1050,1064,1078,1092,1106,1120,1134,1148,1162,1176,1190,1204,1218,1232,1246,1260,1274,1288,1302,1316,1330,1344,1358,1372,1386,1400,1414,1428,1442,1456,1470,1484,1498,1512,1526,1540,1554,1568,1582,1596,1610,1624,1638,1652,1666,1680,1694,1708,1722,1736,1750,1764]
step6a: [141084,108238,120764,155424,145016,122442,119218,97910,104340,109842,101724,104330,106424,111126,103766,106432,107160,123178,113312,135202,111350,104682,113802,105146,109682,122766,108668,105870,112404,111706,113728,113224,108672,111026,109384,108646,113296,110756,110020,144100,142824,132726,165582,149450,122070,116778,120364,122178,122790,120930,122072,127314,123364,123420,126636,120598,118700,146314,130430,118200,121750,120150,116320,140126,119866,118860,117366,147486,142360,129000,123484,128530,119670,125188,126634,120380,123582,137272,129896,131744,138280,121160,128984,135944,129092,135532,126968,124252,129816,148352,119714,143644,118872,163446,122098,120896,131434,132438,119386,134974,124626,116344,121288,125408,170658,141934,130224,124184,154812,141986,141482,134378,157894,141490,147628,175948,139574,140658,131446,129102,130130,130538,137774,135478,134456,144326]
step6b: [436612990,475464736,715465434,1028076812,1286265166,1365322286,1497485426,1709720004,1923351596,2347679760,2403772092,2526568750,2761125800,2932677030,3139036340,3353739894,3554545882,4007002204,4097336606,4808513404,4470833200,4604965524,4839218140,4999559854,5197230224,5481025040,5613070052,5826103532,6061438804,6253115092,6510772522,6704026092,6883376196,7097124566,7338561554,7573035640,7763239452,7938384262,8121994844,9491752704,10244379416,9707444036,11810704016,12040354408,9979421932,9672355522,9855556712,10257263350,10352514854,10521883222,10726657658,11760571364,11447789874,11339770166,11531780778,11776213708,12206463174,12809171252,12920768596,12733386350,13545248830,14004660552,13295210550,15703539176,13636855698,13836470256,14078891710,18330788238,14571339538,15839417272,15083316764,15241321762,15259924748,15995958156,16082849866,16028738882,16875811824,18955649420,17993832872,17852313906,19645382450,18155283136,17858755786,19858316716,18283164750,19872247506,19062097642,19349500788,19767776848,19644327920,19059666242,19169437906,19455002654,22397506432,20541584652,20025785160,21433409732,23415687806,20588236302,21945730310,22104299388,21275656426,21535953654,22215125438,40240600274,33494628336,24900769108,23997249870,34456554116,27753516306,28493114814,25365312692,31160919452,26449936356,30805226566,42509534098,30856047622,31556151132,27347835302,27430082710,27434522544,28572167244,30215642502,29819045498,30016155428,31001712218]
step7: [70184,66220,62318,105520,121764,84924,80600,45180,57254,76720,53608,53074,59202,65704,52966,60160,67832,79540,79012,96264,70960,61290,77060,67484,66048,83704,72672,69310,70110,77244,81084,75580,69866,76356,82562,78346,77658,74156,77632,115110,95284,124228,105522,106732,94904,88850,91722,88812,95492,89036,86506,90996,91492,89198,93198,92382,92520,93452,88680,88532,88974,90688,83804,101226,85506,87444,96848,94484,92916,94492,90906,90242,87254,92798,90076,91186,94538,109446,90570,97624,91226,90162,87782,100104,87388,94270,92678,97262,87558,107710,86458,82428,89686,88018,86748,86294,88776,89992,91114,95230,89392,89186,92274,92752,109608,92122,89624,86194,108080,92730,97240,93914,95486,98698,93228,85460,96854,92982,93184,90552,102684,119426,90930,96228,95140,92836]
step8: [2986,1736,3764,2548,3968,3140,1358,2180,1672,2644,3220,1546,2502,2038,2202,1402,42390,3630,4450,1888,4044,1856,3380,2610,3170,2906,2978,1188,2050,1558,2370,2026,2628,2574,1390,1500,1546,1688,1518,2094,2502,4616,3560,2828,1070,1744,2586,1618,2168,4294,2052,1510,51534,1978,1482,1560,1984,2992,2096,2534,2878,3904,2624,4968,1750,2428,4010,3526,5512,5662,3626,2864,1576,2846,4030,3330,3786,4876,3876,3224,5992,4592,3830,7530,3856,4266,3634,4352,4138,5350,2784,4122,1602,2908,2540,2116,2768,4906,3226,2702,2580,2090,2956,4944,5226,6470,3660,3468,5454,2686,3454,4908,3816,3478,4598,3820,2582,4724,4614,4336,4146,3902,4046,4446,4866,3980]
step9_time: [252860,700884,946774,1562986,2334592,3457866,4849954,6751290,8895954,21018744,14288414,17964650,22250910,26995170,32427856,37743258,45240428,54592072,63342418,94440958,81246144,91598554,109896306,117867122,131943762,147113870,165536442,185064060,202925942,230893268,248482048,278603370,300306404,328223150,365269296,382886980,416336628,459266796,486020684,997712826,607861516,691400216,950488408,856860674,744681412,884120798,842829266,893179684,991225740,1019678278,1179903056,1136213388,1270965360,1443201376,1342803420,1473993210,2986285492,1871484182,1823952520,1790794872,2258803006,2715749482,2649183338,3185423378,2494598626,2672319170,4076362840,4151172046,3937626166,5130266814,3325048266,3531288352,3662711412,4540543724,4256625456,5199944440,7152798464,6797844262,8026841086,8519944588,6552264138,6237275952,6610493718,8336870640,8390048870,7444537384,8823279814,8072031964,11825792496,11326390750,8872441744,9257687714,9741520076,10825312260,10651696612,10921273270,12847644804,11804791650,12311023878,12932289148,13336572138,13614214274,14122631170,16298787338,28514970346,30639377488,23754495160,17109671038,20822029730,24055471806,20358787028,22364145000,21556048476,20751736626,36446433548,32578962462,25808557916,28469715654,27348824740,24795653600,35052129320,32140668572,34354340890,34163310254,32086051556,33298270942]
step9_x_history_size: [28,42,56,70,84,98,112,126,140,154,168,182,196,210,224,238,252,266,280,294,308,322,336,350,364,378,392,406,420,434,448,462,476,490,504,518,532,546,560,574,588,602,616,630,644,658,672,686,700,714,728,742,756,770,784,798,812,826,840,854,868,882,896,910,924,938,952,966,980,994,1008,1022,1036,1050,1064,1078,1092,1106,1120,1134,1148,1162,1176,1190,1204,1218,1232,1246,1260,1274,1288,1302,1316,1330,1344,1358,1372,1386,1400,1414,1428,1442,1456,1470,1484,1498,1512,1526,1540,1554,1568,1582,1596,1610,1624,1638,1652,1666,1680,1694,1708,1722,1736,1750,1764,1778]
step10: [4032476,2121210,90308,2841540,75318,88840,89268,88734,16197182,80956,89486,86170,86900,86398,8620894,89142,84410,88336,91792,77268,91066,90540,95292,92596,88456,92198,92576,94904,94130,16440802,89114,93232,18207884,96260,90384,92702,92132,61612830,94988,23688024,76560,79782,81658,79238,79044,78262,82410,169270,94480,81354,94036,91558,91382,164478,29852870,30079058,33490420,34985754,39976294,32175160,32767250,33793874,34307438,34310304,34948800,37104886,37665626,47428636,37032652,38201394,38180058,38420730,38957396,39627850,40270268,40569436,52802814,41904204,42770334,45549180,46701724,43689486,44147986,45271534,46086810,45841482,50115056,46778988,47739186,50371392,48444238,49327142,49532056,50048780,50540678,51076562,56189980,52049050,52626766,82004,53563618,85672,81922,58701108,80890,108424,61353538,99616,77470,74737050,109232,84144,59897002,87766,107346,61531824,83352,91910,67008500,86388,101198,64926950,86250,79722,66226968,85046]
step11: [1982,2770,3844,4480,6012,6266,7686,8500,8744,10390,10862,11616,12576,14046,14054,15422,17404,17338,18500,19918,19944,21710,22438,23068,23970,25060,25630,27780,27536,27140,30092,30234,30272,32332,33144,34030,34760,33744,36372,36500,37806,38974,39516,40584,41334,43312,43534,44140,45924,46158,47320,48228,120464,59614,48872,48996,89070,51970,92772,52612,53500,55726,56910,57156,57288,60824,61018,109736,60272,62266,62838,62630,63482,65958,72020,66712,125348,71002,69526,71998,72044,72342,72092,75428,77484,75648,78536,76636,78392,81356,79364,80232,83562,83386,85168,83192,89738,87566,86888,92348,87632,96170,97778,91406,99808,190002,94778,105100,115096,102956,183038,107000,100904,108756,188868,102762,111444,116492,109856,114450,196210,137834,160032,117058,114140,119828]
