parameters:
  dim: 4
  range_lo: -2.048
  range_hi: 2.048
  swarm_size: 14
  k_size: 28
  opt_goal: 1e-07
  num_trial: 10
  side_len: 0.005
step1to4: 308186
step5_time: [3119848,2593770,4499084,7256946,12236824,18679524,25709946,36646968,46500924,59578468,75117668,91117164,112736070,132478070,157063492,196046068,216482758,241203402,276857910,316614770,359154350,409838822,456217686,538167682,692698680,830980762,717040726,780229258,1079835998,959958164,1035584132,1122949524,1269863140,1366923420,1469178404,1833346618,1805303462,1889784692,2243262304,3102985730,2620339770,2544291446,3060941990,3031036872,3126589740,3271856050,3732803172,3633443508,4580638634,4690581018,5458453214,4980311634,4932534620,6765709050,5345405996,5656646428,5932760852,6782059876,7888528270,9658972056,9621779264,10010982000,10468578266,11020864732,11515167420,12263107624,9961361718,10300342250,11638005716,11337153544,13243139528,13029034750,13024683438,15497949064,13836881308,14556694962,14381213548,14349920952,16552078772,16872864768,17463349258,17704972788,17892773330,20976284862,20048724056,19638037314,21577745786,21716660922,24191295014,23821778336,26988257424,24203219238,27967266172,25092330762,25481458390,25791397878,28780608286,33611798246,30232400418,30303492392,30536421166,32489655506,33591970334,33978890780,34652527626,36080083916,42261142066,37127847592,37606481980,42046074972,42460569666,40979868142,41932865572,43547314768,48967241782,45815661716,46582591654,51052227644,50082022218,50970597208,54545989942,56988777070,57774985800,57974953798,58999257630,59222516832]
step5_x_history_size: [14,28,42,56,70,84,98,112,126,140,154,168,182,196,210,224,238,252,266,280,294,308,322,336,350,364,378,392,406,420,434,448,462,476,490,504,518,532,546,560,574,588,602,616,630,644,658,672,686,700,714,728,742,756,770,784,798,812,826,840,854,868,882,896,910,924,938,952,966,980,994,1008,1022,1036,1050,1064,1078,1092,1106,1120,1134,1148,1162,1176,1190,1204,1218,1232,1246,1260,1274,1288,1302,1316,1330,1344,1358,1372,1386,1400,1414,1428,1442,1456,1470,1484,1498,1512,1526,1540,1554,1568,1582,1596,1610,1624,1638,1652,1666,1680,1694,1708,1722,1736,1750,1764]
step6a: [180814,117762,120584,107178,149000,113378,105450,114356,109056,101090,107014,103056,110330,105486,105164,122384,120496,113194,107948,104974,115022,108292,106176,152216,134604,128126,122994,144240,123924,112032,105976,118042,114784,119686,129188,119400,132180,129418,178296,239330,131814,119754,129180,123368,121348,122550,159464,141898,143314,135920,193890,127682,143978,185322,172742,126814,124088,122138,176020,164272,165722,166320,165482,164444,163214,171796,122628,125464,144488,120424,127264,122654,144780,132268,122136,131050,119580,117350,123240,126830,132626,123832,118074,143918,125398,160946,126854,136134,118288,114338,119698,134480,145044,131680,123598,148538,133446,145840,156320,122870,157488,125068,130862,173858,125622,137916,126016,137308,113780,110912,114754,116082,146064,115578,115476,119580,126900,122216,140322,134366,122298,116516,120994,132300,114062,116056]
step6b: [476458434,513933302,717059542,885314904,1274370078,1319210112,1513353658,1679557898,1897974360,2095850822,2363703762,2506817218,2775488458,2947444562,3144068378,3520737272,4027383188,3828204402,3997315666,4183402772,4497071294,4596234846,4784470298,7602800990,6219061488,5738180032,5619773404,7079118742,6361652988,6348335622,6485438978,7208997104,7046076858,7455352388,8001715652,8302331024,8320567370,8729218442,15023155020,12997441718,10123295462,9658622784,11007896108,10717622820,10571091674,10968192640,13792141150,11424251678,12967389660,12943851244,18335191442,11876189944,12772425398,20034135008,14584179648,12448483872,12589852582,12817538948,21289144816,22154221364,22348493744,22752236636,23061372938,23158408098,23703706480,24305160780,15655842184,15477353188,19372543776,15277175270,18361187006,17445688430,17433732746,18744111720,17853148676,18240455194,16246748218,17171587812,18453298516,18539356086,21038822720,19776228240,17884125658,20213998062,19692715598,26332451966,19592757212,19138604096,19622926388,19097144512,20683252810,23847741702,25971061002,22424002142,20578525328,26510075138,23724036576,26652238678,24373049752,22535389174,33634767790,23001884000,24443291120,38449163872,22791117332,27646733150,24191620886,28723302406,22657366544,22864428392,23527137716,23511264902,23642542844,23773137324,24251830306,26866297548,25092987232,25462589646,26325407370,26269109484,27314130216,25465735538,26048489904,28643018166,26170634362,26597453698]
step7: [94504,90880,87306,61570,140322,66448,65180,39880,46066,49732,62418,59328,64566,64056,63328,94252,101470,74604,72902,68916,82286,67930,62422,101564,93436,87240,74970,110832,86704,86250,71768,80382,78382,93576,102310,92240,124994,91982,113490,105940,93914,95516,91796,100788,99348,98508,95188,113304,110934,99666,111988,95844,100280,101140,104626,97706,97418,99944,99112,90818,89148,94410,86020,86176,84008,87616,97818,97892,99026,97324,95810,91026,93592,92220,93128,88382,93778,89556,90676,128494,94184,88814,86252,117986,103614,111720,88062,89344,88398,83346,87932,107286,87126,92846,96328,90240,99698,96136,90126,92432,98006,88626,105512,101414,94074,95756,90028,96656,83482,81708,81780,83948,91630,85666,86442,83394,87462,85118,109482,84346,97818,81600,92676,88242,82734,90594]
step8: [11396,7054,9582,6362,23156,6710,7164,2820,4006,4570,6226,4434,7068,7292,4696,11866,40554,9656,7108,6350,9966,7272,5950,11642,12432,12734,7184,21092,10732,9668,8004,9854,9062,11654,15022,15638,22974,13886,12468,10654,15212,15726,16384,14796,14698,14126,12942,16040,36918,13650,11860,17256,33902,10566,14668,17022,15964,17474,14176,14302,13814,12550,13774,11504,12428,12768,14860,14230,17236,13420,15292,13256,13186,14918,12826,14710,10418,11384,14740,12506,10358,31178,10544,17886,10944,12422,13074,11186,13402,16608,17114,15010,12400,16194,18952,10652,15792,17236,14724,15354,12140,11436,15244,9342,17316,15378,15400,12536,8002,9878,7958,10974,9766,9162,10216,10862,9604,11450,15254,13522,16434,11680,14738,13172,11076,14210]
step9_time: [2239176,4176628,6959374,10906864,16195356,22956102,31238268,43538942,57064426,69006342,85002262,104753572,125930982,150893132,186793230,211271228,238459682,270105224,309553408,352525470,411445192,449348442,549223586,738252504,784286488,746213708,771976144,920729446,1012414644,1021910786,1115249172,1350025372,1320750380,1436345920,1707550846,1882732716,1876897018,1983085428,2929316758,2652906808,2784337202,2658230212,2863101720,3204926506,3190324228,3672990144,3684901158,3915882386,4507706308,4934811460,4890841524,4990792226,6735711328,6295631470,5758039512,5933131278,6148547228,6519024856,9284673744,9656558716,9978348664,10516953522,11045810478,11504079342,12214544042,11142120248,10385252932,11069766000,11405711948,12764380600,12320938682,16592002058,12894564386,13858695098,16713380416,14132744954,14190395476,18145075930,16567390572,16308345000,18482753278,18216266174,17696809552,19286066380,19083551896,20315995714,22439274760,25145759436,24347896808,25994251280,25236477990,31976853074,25853797694,30782409150,26230796222,33432537914,29163756552,31889308028,32112788968,32101777844,38515260196,36190911328,38034330776,36268058874,44588657900,36670434328,37553073210,38999483880,40551281682,39576278084,40669370548,49108016836,45307947042,43814131868,44919366020,46208817108,57253335688,50201268448,55727710870,62809457050,57349966874,57728003916,64292100904,61459981222,61687805202,65634350106]
step9_x_history_size: [28,42,56,70,84,98,112,126,140,154,168,182,196,210,224,238,252,266,280,294,308,322,336,350,364,378,392,406,420,434,448,462,476,490,504,518,532,546,560,574,588,602,616,630,644,658,672,686,700,714,728,742,756,770,784,798,812,826,840,854,868,882,896,910,924,938,952,966,980,994,1008,1022,1036,1050,1064,1078,1092,1106,1120,1134,1148,1162,1176,1190,1204,1218,1232,1246,1260,1274,1288,1302,1316,1330,1344,1358,1372,1386,1400,1414,1428,1442,1456,1470,1484,1498,1512,1526,1540,1554,1568,1582,1596,1610,1624,1638,1652,1666,1680,1694,1708,1722,1736,1750,1764,1778]
step10: [4061324,1835240,90932,2854854,86380,92214,85810,77136,16135778,89214,89724,88138,90730,91568,9205024,94090,87050,93670,92550,89276,80102,90636,91318,93530,115058,93478,98114,132180,102200,16427840,89106,95880,18062134,86958,112620,142238,92500,63374318,107698,29387256,110632,81396,82350,79808,81654,91608,94424,136440,105878,85662,97272,80242,104850,105302,29868540,30672930,30875206,31136266,45589996,41193642,43637244,43519548,45241808,45787210,46352630,40441034,43965070,44012824,49015222,47555156,40239740,50330152,39802900,52692706,50298472,41051962,41116166,58174392,45512442,43044754,43320876,46028642,44253766,48147614,53991846,60880540,47287038,46858654,47915490,63988364,52413650,61352796,50360440,53192378,50491400,58115792,52488054,58280784,53226586,5203354,53873094,86310,81772,55349890,85250,82696,57017740,86790,112340,58505702,83190,84786,60191122,86456,81170,61466650,83630,99974,63090598,86858,77104,64519750,107978,79610,87695878,109884]
step11: [2102,2856,3846,4542,5608,6892,7316,8900,8834,10142,10980,12180,13232,13814,14776,16580,17564,17560,19040,19886,20430,21794,40524,23012,43512,25162,26854,39962,28290,26770,30274,30444,30400,32358,58230,37670,34808,33826,63438,65252,68048,38986,39844,40788,41450,43640,44502,64604,73676,46262,47814,48016,83244,92610,51072,51602,51280,51126,92992,96548,96308,97592,100176,115798,106144,102960,60320,117750,113088,83076,64936,118498,65944,120062,119728,67838,67108,126324,86052,71288,73968,72962,72602,73036,133996,138056,78540,77242,80532,151724,82202,158060,106548,84662,82752,86628,86756,87062,88034,97432,90164,95410,97858,93084,98732,100822,96790,102934,180522,96706,104400,106548,98474,107568,108338,102334,109808,195288,103456,112766,114392,108010,196618,116594,200142,208720]
