n_start: 100
n_end: 5000
n_gap: 100
block_size: 32
evaluate_func_name: ["matrix_update_gt", "matrix_update_ijts", "matrix_update_sparse_d", "matrix_update_sparse_d_unroll", "matrix_update_sparse_d_unroll_rename", "matrix_update_sparse_d_unroll_rename_vec", "matrix_update_sparse_d_unroll_rename_vec_tail"]
evaluate_func_cycles: [[6253450, 5772605, 1750867, 1309151, 1193002, 729249, 682229],[28865133, 28565023, 8780815, 6653223, 6054350, 3648239, 3449192],[69293532, 68871682, 21033889, 15721150, 14454779, 8780612, 8332128],[126828220, 126732849, 40872709, 30257228, 27889745, 17173979, 16626393],[214451879, 209142519, 65709846, 48610140, 45810889, 27274922, 25331886],[310052808, 317418052, 93665782, 70520556, 64558423, 39006749, 37088567],[423888882, 429191685, 126684699, 98135284, 89055991, 54368380, 49690943],[528759681, 530167130, 162747759, 126079667, 123067435, 75414777, 70912646],[711031393, 676858563, 209762936, 157988848, 144060922, 87354649, 83059129],[834121154, 860172551, 275206436, 211151614, 191367289, 112922116, 102739616],[1012243320, 1010056880, 311972588, 238141538, 214910127, 132998785, 125237765],[1228709380, 1209737232, 371858756, 280364168, 259773700, 158983677, 148336394],[1445965210, 1485501183, 448935478, 335074793, 325113312, 199835082, 176922024],[1651581898, 1646076750, 510058321, 385242792, 353863189, 218663030, 204559706],[1899603800, 1902318187, 586071530, 447993211, 405388287, 251052563, 234851081],[2159426463, 2157135623, 669787021, 506854968, 466907739, 287060151, 266875190],[2447723106, 2496598742, 761012484, 571204089, 521153675, 324405604, 303844005],[2748087025, 2739446593, 851110097, 647168347, 593028044, 365441527, 340406610],[3073179487, 3074794867, 952286973, 719871160, 656338369, 407302015, 381588235],[3396465417, 3394939849, 1053871013, 800255234, 743875414, 452257183, 421780405],[3762116018, 3746262999, 1162920958, 880708511, 812925863, 501447121, 466712277],[4151852177, 4136011705, 1277293443, 963823913, 878821293, 551374932, 510946662],[4503637068, 4491008059, 1398373893, 1053779284, 963190182, 604248505, 565445433],[4921516859, 4917190317, 1518138645, 1152727352, 1054149663, 658699266, 608630180],[5331285631, 5313808676, 1675707705, 1244698484, 1143732128, 714753168, 667090381],[5780274203, 5780826956, 1795948916, 1369647590, 1254365041, 778364122, 718066667],[6595690463, 6588827335, 2028274489, 1529527127, 1405347109, 838379799, 792933132],[6676729381, 6670527742, 2066103581, 1560484126, 1429982170, 896481778, 832456243],[7334570053, 7331665273, 2292160239, 1743255495, 1593564261, 976801529, 919214388],[7718226575, 7698427944, 2385226879, 1813522198, 1653150052, 1040105319, 962805192],[8240669694, 8225910217, 2545408249, 1928008465, 1770382569, 1113442166, 1034834692],[8915754842, 8786551511, 2758792726, 2098453024, 1947660703, 1207104764, 1129275749],[9765789125, 9707291968, 3023985719, 2286967437, 2092150826, 1270182342, 1183705273],[9938513429, 9960701515, 3103961132, 2382610256, 2166480334, 1343816919, 1241039844],[10882664017, 10871093882, 3460823636, 2563695526, 2343279626, 1427639852, 1340731381],[11130973861, 11079381972, 3440927777, 2597074806, 2403164253, 1504302473, 1383431159],[11758955282, 11779435490, 3643935912, 2764709505, 2523059080, 1601003547, 1478574143],[12372512840, 12351839335, 3894685951, 2919451789, 2672082163, 1681193207, 1556924304],[13108639428, 13036943458, 4080636941, 3092716748, 2818337353, 1780069498, 1644105676],[13725853495, 13672064023, 4271792949, 3226052210, 2953746761, 1880663002, 1729884353],[15498684352, 15438781824, 4842873695, 3683305559, 3389253898, 2017837340, 1924272870],[15204091819, 15095061217, 4749054456, 3634646133, 3319181964, 2065359620, 1921712459],[16365966692, 16289277049, 5032569461, 3768898851, 3436044304, 2182465151, 2017389004],[16690705229, 16664253585, 5187592865, 3934207364, 3576207611, 2271972048, 2079640328],[17485205760, 17455970673, 5422423760, 4117701761, 3764132854, 2393698851, 2207221227],[18222181706, 18113409436, 5674761439, 4303270560, 3929508925, 2495765425, 2308969181],[19197512114, 19034724679, 6068953169, 4557405137, 4155181267, 2614980620, 2419774484],[19808054648, 19741443561, 6187680319, 4689652010, 4286736707, 2746514745, 2488198523],[21831299384, 21839752220, 6766345751, 5138623618, 4722047362, 2859484487, 2657943074]]
n_start: 100
n_end: 5000
n_gap: 100
block_size: 32
evaluate_func_name: ["matrix_update_gt", "matrix_update_ijts", "matrix_update_sparse_d", "matrix_update_sparse_d_unroll", "matrix_update_sparse_d_unroll_rename", "matrix_update_sparse_d_unroll_rename_vec", "matrix_update_sparse_d_unroll_rename_vec_tail"]
evaluate_func_flops: [[953040, 953040, 377872, 401280, 401280, 321024, 321024],[4760640, 4760640, 1887552, 2004480, 2004480, 1603584, 1603584],[11422800, 11422800, 4529040, 4809600, 4809600, 3847680, 3847680],[20939520, 20939520, 8302336, 8816640, 8816640, 7053312, 7053312],[33310800, 33310800, 13207440, 14025600, 14025600, 11220480, 11220480],[48536640, 48536640, 19244352, 20436480, 20436480, 16349184, 16349184],[66617040, 66617040, 26413072, 28049280, 28049280, 22439424, 22439424],[87552000, 87552000, 34713600, 36864000, 36864000, 29491200, 29491200],[111305040, 111305040, 44131472, 46865280, 46865280, 37492224, 37492224],[137912640, 137912640, 54681152, 58068480, 58068480, 46454784, 46454784],[167374800, 167374800, 66362640, 70473600, 70473600, 56378880, 56378880],[199691520, 199691520, 79175936, 84080640, 84080640, 67264512, 67264512],[234862800, 234862800, 93121040, 98889600, 98889600, 79111680, 79111680],[272888640, 272888640, 108197952, 114900480, 114900480, 91920384, 91920384],[313769040, 313769040, 124406672, 132113280, 132113280, 105690624, 105690624],[357504000, 357504000, 141747200, 150528000, 150528000, 120422400, 120422400],[404057040, 404057040, 160205072, 170129280, 170129280, 136103424, 136103424],[453464640, 453464640, 179794752, 190932480, 190932480, 152745984, 152745984],[505726800, 505726800, 200516240, 212937600, 212937600, 170350080, 170350080],[560843520, 560843520, 222369536, 236144640, 236144640, 188915712, 188915712],[618814800, 618814800, 245354640, 260553600, 260553600, 208442880, 208442880],[679640640, 679640640, 269471552, 286164480, 286164480, 228931584, 228931584],[743321040, 743321040, 294720272, 312977280, 312977280, 250381824, 250381824],[809856000, 809856000, 321100800, 340992000, 340992000, 272793600, 272793600],[879209040, 879209040, 348598672, 370193280, 370193280, 296154624, 296154624],[951416640, 951416640, 377228352, 400596480, 400596480, 320477184, 320477184],[1026478800, 1026478800, 406989840, 432201600, 432201600, 345761280, 345761280],[1104395520, 1104395520, 437883136, 465008640, 465008640, 372006912, 372006912],[1185166800, 1185166800, 469908240, 499017600, 499017600, 399214080, 399214080],[1268792640, 1268792640, 503065152, 534228480, 534228480, 427382784, 427382784],[1355273040, 1355273040, 537353872, 570641280, 570641280, 456513024, 456513024],[1444608000, 1444608000, 572774400, 608256000, 608256000, 486604800, 486604800],[1536761040, 1536761040, 609312272, 647057280, 647057280, 517645824, 517645824],[1631768640, 1631768640, 646981952, 687060480, 687060480, 549648384, 549648384],[1729630800, 1729630800, 685783440, 728265600, 728265600, 582612480, 582612480],[1830347520, 1830347520, 725716736, 770672640, 770672640, 616538112, 616538112],[1933918800, 1933918800, 766781840, 814281600, 814281600, 651425280, 651425280],[2040344640, 2040344640, 808978752, 859092480, 859092480, 687273984, 687273984],[2149625040, 2149625040, 852307472, 905105280, 905105280, 724084224, 724084224],[2261760000, 2261760000, 896768000, 952320000, 952320000, 761856000, 761856000],[2376713040, 2376713040, 942345872, 1000721280, 1000721280, 800577024, 800577024],[2494520640, 2494520640, 989055552, 1050324480, 1050324480, 840259584, 840259584],[2615182800, 2615182800, 1036897040, 1101129600, 1101129600, 880903680, 880903680],[2738699520, 2738699520, 1085870336, 1153136640, 1153136640, 922509312, 922509312],[2865070800, 2865070800, 1135975440, 1206345600, 1206345600, 965076480, 965076480],[2994296640, 2994296640, 1187212352, 1260756480, 1260756480, 1008605184, 1008605184],[3126377040, 3126377040, 1239581072, 1316369280, 1316369280, 1053095424, 1053095424],[3261312000, 3261312000, 1293081600, 1373184000, 1373184000, 1098547200, 1098547200],[3399065040, 3399065040, 1347699472, 1431185280, 1431185280, 1144948224, 1144948224]]
